time,x,y,z,phi,theta,psi,x_velocity,y_velocity,z_velocity,phi_velocity,theta_velocity,psi_velocity,rotor_speed1,rotor_speed2,rotor_speed3,rotor_speed4
0.06,-1.9542112489299726e-05,2.629335977669406e-09,10.000766450074492,6.283176039859253,0.006143381638151091,0.0,-0.001186721790478297,-1.8471371897440384e-07,0.025546768395203263,-0.0006274306538967721,0.025978046800585977,0.0,411.8118237192389,414.1028504070402,412.275738320061,412.2203129261582
0.12000000000000001,-0.00021049349431527666,8.317687484453987e-06,10.003258497047486,0.0021748131775591872,0.007701583012161173,0.0,-0.005321596332605177,0.000494298572309905,0.05751891980088006,-0.018199550776081822,0.025953731106086276,0.0,414.90072624409686,414.898777592777,415.396256668956,413.8528225742883
0.18,-0.0007549022676818398,9.027843197760941e-05,10.014101158801726,0.0018403607462156302,0.014229100960225338,0.0,-0.013664216360847449,0.002185871056579485,0.30386126325195195,-0.009790079401141596,0.00030219457930475563,0.0,482.69248453233627,480.753072251873,480.2063431865053,480.8438322054473
0.23999999999999996,-0.0018616872869084457,0.00025959067626959797,10.0346386398266,0.002393334552282411,0.01484169423536219,0.0,-0.023298302913818583,0.0035019222594995154,0.3806972499911502,0.0007694274511617877,-0.00942859655203766,0.0,430.9377189602441,430.1145853262177,428.2665757263936,429.1637321227942
0.3,-0.0036193786469027834,0.0005295776730507142,10.063624968609894,0.002911369821010368,0.016058062419813446,0.0,-0.035451832140889046,0.005568665935323862,0.5854280199485031,-0.008050499455856203,-0.02530139355055369,0.0,469.9010086254661,468.6692297974631,469.38733303610036,468.7025135169915
0.36000000000000004,-0.006083070077400789,0.0009534653316409828,10.102359116706836,0.010463668013659166,0.014701073051390345,0.0,-0.04653383808274689,0.009322236119776702,0.7056411448800652,0.02182491822690706,-0.031059100853141442,0.0,443.76723727003036,443.29425058344793,442.58641085666267,445.0381189746013
0.4200000000000001,-0.009238581798380864,0.0017979702344657054,10.1521770485096,0.01553990216537926,0.013498833805377863,0.0,-0.058488663611780824,0.01943096803549973,0.9547766379832167,0.041919134534346925,-0.023270503760292945,0.0,483.3914929937525,483.9778215948009,480.5235654060362,482.04440361502805
0.48000000000000015,-0.013049321333248978,0.0033014274819928766,10.212271928066665,0.020972566547227345,0.02058800071193634,0.0,-0.06922016102189558,0.031213994082148623,1.0482838954729554,0.0594683352532097,0.007462025485482575,0.0,434.904508950584,437.470757653369,434.738271981099,436.2075244399489
0.5400000000000001,-0.017658355970140593,0.005647687509798672,10.279376418182535,0.024669776340515703,0.022079558272026567,0.0,-0.08456187877016437,0.047387526038933404,1.1883842060566525,0.06238307489283159,0.017518147073609266,0.0,450.26291793725545,451.0755226076484,450.53879677504557,450.7769060390946
0.6000000000000002,-0.023326947046610595,0.00912282535989201,10.357852341510862,0.028958141133905713,0.03159907191916034,0.0,-0.10559213355619435,0.06895961390887019,1.4271665655793977,0.06936111117084727,-0.015582468818994975,0.0,482.39065051240703,479.8848523393985,479.5404873444914,480.0729424913047
0.6600000000000003,-0.03035429205098612,0.013922168028351677,10.447808324755185,0.0348462934238043,0.030676327758830446,0.0,-0.12855026769929115,0.09166874533507806,1.5711598303173524,0.05371707397512635,-0.018486794641607827,0.0,452.89190341845296,452.65835682061635,453.5931616456572,452.33815627970466
0.7200000000000003,-0.03860165788475439,0.020026007525394806,10.54140630608857,0.03841344678826619,0.03424369151031126,0.0,-0.14668368531791395,0.11209870394929997,1.548779919874574,0.04597948650206865,-0.043406715858429645,0.0,400.5666733893668,398.293917430286,398.86183888047645,398.156623770625
0.7800000000000004,-0.048123327854877315,0.02758371047759167,10.63798432632613,0.04181218304321632,0.03164226110239898,0.0,-0.17042647794430135,0.14016738407947837,1.6703100197625929,0.05362436555291012,-0.04326632832633715,0.0,446.1618617002325,446.17228269205145,446.2177462150673,446.84278338187954
0.8400000000000004,-0.05897756149800709,0.036832294522925975,10.740073289041746,0.04810671718162851,0.03462014975169314,0.0,-0.19164251764162368,0.16870329352459854,1.7325242248632662,0.07167730979171673,-0.0185762647516713,0.0,426.3593532018309,428.4628183512822,427.54822034506617,429.08612443316554
0.9000000000000005,-0.07112891223503384,0.047877218859523396,10.845212084305203,0.05252965998407344,0.034359516441054616,0.0,-0.21336876675224425,0.19987334192671694,1.7720179187004463,0.06646221806997626,-0.009582522147230604,0.0,419.6322007227949,420.41221444170475,421.58329450175046,421.13650046526385
0.9600000000000005,-0.08461306163479766,0.06092363095545757,10.953585309291702,0.05732209052870285,0.03486105677422202,0.0,-0.23616135767305865,0.23547698936637854,1.8402815783892956,0.05536211663723673,-0.0222114180729618,0.0,429.8254173263439,428.753973050796,431.79792982644597,430.8635575698773
1.0200000000000005,-0.09953930650204475,0.07632472924698425,11.068118138509542,0.06346033881376911,0.03351636999503249,0.0,-0.261230193048412,0.2785194450408999,1.977211731931111,0.07258520213654451,-0.023409650806875994,0.0,452.5502618529047,452.45378726844297,451.43627688338756,452.82641386024426
1.0800000000000005,-0.1159821745581041,0.09451520076355921,11.192094455980131,0.06784419649668028,0.032190122977494795,0.0,-0.2867105567395466,0.32830333147388835,2.154977087120175,0.07359621325749244,-0.02790218047792057,0.0,465.43551019762623,465.0837262984773,465.3021995507487,465.38519903357866
1.1400000000000006,-0.13389968400405017,0.11574625209530769,11.326035466368857,0.07235071562723672,0.03053662420479597,0.0,-0.31034863367429477,0.3798761857571163,2.3093842140984586,0.06888427866242626,-0.027123378494899267,0.0,458.99698561030044,459.05862064724437,459.14743887815337,458.77730569756045
1.2000000000000006,-0.15314725372360832,0.1400357573734702,11.467353795653661,0.0772718103214256,0.030075027712210378,0.0,-0.3311993580582459,0.43026348483557314,2.4009899609638987,0.057885648367225255,-0.040212057634577594,0.0,441.3073213028323,440.22527806959584,440.11908930300467,439.21106619104944
1.2600000000000007,-0.17372990200088603,0.16771062746923868,11.617517095632948,0.0819874670393883,0.028101201749146654,0.0,-0.3546384366186157,0.4927620912902291,2.603959101930618,0.044415754806503886,-0.0340564268497696,0.0,474.69868667841865,475.17019363540203,475.0575890041834,474.02534045203214
1.3200000000000007,-0.19575904571519012,0.19948800428456576,11.782650301466914,0.08829919990787882,0.02758067477931725,0.0,-0.37959898434902906,0.5672750765191711,2.89968316731893,0.022261934299585513,-0.048828045925833494,0.0,502.3765790427054,501.30381149534617,503.58014899429605,501.9756268130904
1.3800000000000008,-0.21903419177492722,0.2351532016191527,11.957182208358814,0.0940115636234573,0.02505917029728888,0.0,-0.3960074683447481,0.6220904744486094,2.917941700157281,-0.001886685847499384,-0.04292746230722918,0.0,419.4648564330347,419.975510439247,420.7115968044379,418.6154139025988
1.4400000000000008,-0.24326460731348049,0.27414968270242357,12.13238164652869,0.0939207217900746,0.030036595115984888,0.0,-0.41213907771100317,0.677771529904645,2.9219991009790633,-0.0010561152696497266,-0.07425764704869614,0.0,415.96992664113304,413.2149621953952,415.64622563149334,415.71904558667836
1.5000000000000009,-0.26872144329674674,0.31711955477003195,12.314573990861074,0.09387982257657956,0.026659029901496822,0.0,-0.4359846996105645,0.7544846408809819,3.150467499395679,-0.0002223387095416664,-0.06402180476698528,0.0,485.04179453983835,485.80651191324046,484.6861429257905,484.74881895513505
1.560000000000001,-0.29538306143211235,0.3641029384840618,12.504244300431475,0.09392545038966738,0.028391063973996822,0.0,-0.45291720897221394,0.811612538364666,3.1717937630475745,0.001495950812138317,-0.09111128683086264,0.0,422.9866568235495,420.64268258197603,422.90544960092336,423.05342505030575
1.620000000000001,-0.32315999837596204,0.4145547678413974,12.695622151700139,0.09457043825724565,0.045482894896207604,0.0,-0.47460918718979267,0.8701388824431946,3.207271479925777,0.00854630412271461,-0.14435486977750633,0.0,429.92637523675467,425.37982549212774,426.6434615518202,427.24494786021
1.680000000000001,-0.35261611719940644,0.46884849193118705,12.892504700292122,0.09508251313150318,0.036815533087364294,0.0,-0.5063024789192774,0.9396570923768105,3.355072498642485,0.008510604007763252,-0.14640077905022725,0.0,462.34227355082265,462.1622678234701,463.8329732414405,463.830046403494
1.740000000000001,-0.38377470300857747,0.5273222515028172,13.098036959547198,0.10108107883509287,0.028047384694242616,0.0,-0.531361793932488,1.0100401499512779,3.495526446182691,0.03300086403753312,-0.14943209175066202,0.0,461.6590079665243,461.4002590454951,460.9217133436158,462.8531515945307
1.8000000000000012,-0.41628260367769265,0.5901663146874199,13.312218714633023,0.1049497719407082,0.026349822078875818,0.0,-0.5520735679872756,1.0851391054729775,3.6433263523253965,0.01669851815931636,-0.18019064058483783,0.0,466.4115756014721,463.9799093889088,465.3286911682789,464.0508800249016
1.8600000000000012,-0.4499823356686615,0.6577043615244094,13.536268354764363,0.10891379691943293,0.01562197792631892,0.0,-0.5700224402224354,1.166484579421928,3.824359016677254,0.03439007019527406,-0.18477921913342862,0.0,475.9397310276493,475.5588128322822,475.4393650550032,476.7929921283287
1.9200000000000013,-0.4844441634301737,0.7296532209406446,13.765926619869308,0.11750499079018173,0.00653242015978428,0.0,-0.5778952016676994,1.2325802927776242,3.8307871598028407,0.005176130621517139,-0.17045284205915318,0.0,422.26118307992,423.46227483449013,423.8537101395352,421.3355149946339
1.9800000000000013,-0.5192335211116004,0.8060109766228466,13.998671729919188,0.11786872620720068,6.28105853774241,0.0,-0.5808882720408309,1.3126573352420774,3.9270361190704204,0.0011797534412449002,-0.18542355783619263,0.0,453.3602830855739,452.1266510041601,451.0894692528045,450.7665395632266
2.0400000000000014,-0.554005278386685,0.8874656027338832,14.239639695397399,0.11814582061269441,6.270213914737571,0.0,-0.5769398407637141,1.4024234805988174,4.104576799024491,0.005098110891375041,-0.18069707842562058,0.0,476.4440555534052,476.7750675207941,477.59717780706956,477.8959091646725
2.1000000000000014,-0.5883290442105507,0.9742777381035288,14.490913414709247,0.1206579692132852,6.267616334215779,0.0,-0.5668709579849572,1.4915146114294686,4.270519137113162,-0.012417201695401564,-0.1504220234402562,0.0,474.017043851524,476.31222749156973,475.7196216532056,474.37645424886665
2.1600000000000015,-0.6220366371393105,1.066000058746395,14.748091945638267,0.12441872549423127,6.259217766437159,0.0,-0.5559416215083661,1.5662236425011065,4.301893738502899,-0.03690106266517456,-0.14286785030223612,0.0,435.3184763056959,435.92921416041344,435.1997033565742,433.1452571873386
2.2200000000000015,-0.6548839613136567,1.1625868003993172,15.009051559153747,0.1489251287690312,6.251013941656623,0.0,-0.5381461589612473,1.6557033733755135,4.395935583436948,0.018537174199500548,-0.13731365279244248,0.0,455.2675647473036,455.6938295009194,453.16511553098684,457.5999732748301
2.2800000000000016,-0.6866437345410744,1.2643075178569863,15.27125251750793,0.15003952774418927,6.24299791345274,0.0,-0.5198640770925045,1.735067772216821,4.344236356880314,0.016033142561766807,-0.13320634524819988,0.0,407.82878630764935,408.1766522501716,410.7183555821183,410.49613971483933
2.3400000000000016,-0.7169591196899419,1.3717150834759784,15.536390907170581,0.15103455993713943,6.244463653806614,0.0,-0.4907945719899419,1.84515698892041,4.493043010122997,0.017158040330770726,-0.10069637403314714,0.0,472.842545687529,475.3281092376631,472.55461851378965,472.6412249200782
2.4000000000000017,-0.7457119306036522,1.4851831646213196,15.806446730091578,0.1659418833482036,6.24329682350322,0.0,-0.46755340300555276,1.9384456196058841,4.508409824804682,-0.02486816651343646,-0.1261135123575566,0.0,434.61553410261456,432.4687853979217,434.7113128867931,431.17486958434193
2.4600000000000017,-0.773035972907319,1.6044281160491243,16.077141446539166,0.16753234746637702,6.235799420117864,0.0,-0.4425891853353593,2.0364845271770537,4.514616604785345,-0.045338681185677875,-0.13044018930041096,0.0,431.9815671908959,431.6011368694782,430.96655447170036,429.23216440057956
2.520000000000002,-0.7986422368230143,1.7298447672385528,16.34988890780771,0.16519830089888288,6.227967524508635,0.0,-0.4102059245715373,2.143742499610596,4.576674569461035,-0.053452236266363584,-0.130755638952092,0.0,449.1534141430063,449.1123951890274,449.60077140150304,448.94146224898657
2.580000000000002,-0.8220227969081647,1.862026187889443,16.628716345178635,0.16204912353500944,6.2221368937240555,0.0,-0.36852896920682726,2.2617906920855115,4.7169640223504015,-0.05175503024371593,-0.11636137230536461,0.0,473.77409095918625,474.8663005328736,473.3671494293017,473.4961099397746
2.640000000000002,-0.8428490621213562,2.001084924697221,16.91519685329761,0.15960463080447163,6.223520709615636,0.0,-0.32581859374963906,2.373084237663188,4.831877044914787,-0.04396988480800153,-0.08585557060749302,0.0,466.01211840213665,468.38157336120116,467.40235147719653,468.0073953991576
2.700000000000002,-0.8612322297731181,2.1465183776405947,17.20692385074428,0.1647570606559059,6.2226086881791645,0.0,-0.28686035869615784,2.475060849067726,4.891905642284802,-0.014570785791692483,-0.06446936579670229,0.0,450.83875716433204,452.55879564995746,450.4360815464954,452.8071595026409
2.760000000000002,-0.8770966326003633,2.2989134365826582,17.506871631758383,0.1645939227074642,6.249996991727134,0.0,-0.24519956976790602,2.6045220497571715,5.105398196016365,-0.0064555802662153595,-0.0044142652426511775,0.0,495.85571048797146,500.24743385814685,498.44468928384634,499.03761027407876
2.820000000000002,-0.8912381190873618,2.4579357238282915,17.812742295621423,0.17062525420869168,6.250092379704725,0.0,-0.22619675624568047,2.6966594246460036,5.090167338272064,0.020123585739086673,-0.012297744658183455,0.0,431.27747618300685,430.6110860304281,429.0637795275524,431.31478801706527
2.880000000000002,-0.904064046879844,2.6234605081052913,18.122854776729906,0.17242326627245408,6.249681094220655,0.0,-0.2013084785628829,2.820814408505865,5.246042012817754,0.027427140838614188,-0.0071236132024777915,0.0,483.9876310477534,484.3770888503596,483.6013190482803,484.15120697167055
2.940000000000002,-0.9156581176311668,2.795127902704103,18.434662046332676,0.1745667861764053,6.253258616277929,0.0,-0.18539072459652156,2.901585855980936,5.1479003489439705,0.03404923209177611,0.013631672718018713,0.0,403.87660353882967,405.7446690759417,403.8951269640461,404.49242115612947
3.000000000000002,-0.9260922703539105,2.9731413725168108,18.748895438193202,0.17879870654264796,6.254445382141526,0.0,-0.16257168900922953,3.032461259076126,5.3254660556364355,0.016597457529141428,0.0191921115560459,0.0,491.84585209203505,492.2574306478542,491.4900658798587,490.19488409006664
3.0600000000000023,-0.9353419025249932,3.158096295833312,19.068347442573263,0.17980032367545995,6.255584929786849,0.0,-0.1458504203759713,3.132700277889076,5.322844430987316,0.013937128575835173,0.01804359104488615,0.0,439.36391712184974,439.26861847418894,437.47368809698713,437.2519802267638
3.1200000000000023,-0.9435612357007621,3.349466590515254,19.389810583764323,0.18176291058332517,6.260095070632211,0.0,-0.12860228007963534,3.2463546542672965,5.39210772221264,0.0010494052362777506,-0.003472487580250005,0.0,461.84438763031034,460.14383298063836,462.1861197042526,461.16896927350047
3.1800000000000024,-0.9508339172741588,3.547543279446093,19.714727139037635,0.18201031327291428,6.260050813570896,0.0,-0.11382823227906166,3.356072566867791,5.43812130500159,0.00470461357668863,-0.009269292675035627,0.0,456.0110195461657,455.5477323904238,454.207241846586,454.5002992405983
3.2400000000000024,-0.9572825818972098,3.7517331099812408,20.03991166865541,0.1828113654612329,6.261413802900897,0.0,-0.10124985541108698,3.4502570919082656,5.40145245316683,-0.004476109862086044,-0.025692257320167354,0.0,429.97774575779664,428.58394478248886,429.2901094797795,428.510186102804
3.3000000000000025,-0.9628959447243551,3.9624772621037465,20.367736477405888,0.18627496355442386,6.264041068544994,0.0,-0.08613559987365005,3.57471596057644,5.525196820796273,-0.026872807887713308,-0.004493733436389892,0.0,478.3861297700645,479.9979130996566,480.3794025933669,478.6778640719338
3.3600000000000025,-0.9677247164006848,4.18002692452171,20.699266571951462,0.18495724397877034,6.264959709365318,0.0,-0.07489563234959064,3.676696307399993,5.525762955711562,-0.022006767075058126,0.006307646412311876,0.0,442.2515617465754,443.1405473312739,442.775089554835,443.1752079927141
3.4200000000000026,-0.9718081025356647,4.404732794405826,21.03662196690266,0.18392276793239049,6.269704110200561,0.0,-0.061819126948038934,3.8130694669607794,5.718333293275266,-0.029186140574810143,-0.01781287968110911,0.0,500.9683720696851,499.21114080295365,502.21554813086726,501.6944434013454
3.4800000000000026,-0.975290555476214,4.636773805825181,21.38121229210149,0.18370030918701552,6.27984619780843,0.0,-0.05520121382816068,3.9214494653094523,5.767661926027577,-0.043983568870695364,0.01768514494435474,0.0,459.3879252702204,462.1947639940143,461.11749275561345,459.9463588800819
3.5400000000000027,-0.978583286946255,4.874649530399601,21.725358271474082,0.18109736013845357,0.007507409283579847,0.0,-0.05543798439975331,4.007465727694307,5.704221123512376,-0.04278206085151789,-0.017803157434299333,0.0,426.2159029044977,423.17122697665786,425.2173736675102,425.31916072229745
3.6000000000000028,-0.982062434012296,5.118287987090359,22.069367144208808,0.17855721326826668,0.008651284971566753,0.0,-0.06065863152957093,4.113378978288902,5.762425289218331,-0.0461395571374808,-0.03533995583440038,0.0,464.2530285741776,462.87464027310926,463.2144701308271,462.9493078849453
3.660000000000003,-0.9858258315529039,5.367381748010567,22.412283823793985,0.1773923518243894,0.006522428772034239,0.0,-0.06463427243031103,4.189613180148309,5.668623089358078,-0.03341635087479609,-0.035887931098384084,0.0,415.10786790454813,415.0591178242625,413.60187557722764,414.72011653529296
3.720000000000003,-0.9898294836309189,5.621882934839059,22.754480892693106,0.17545482267149826,0.00539703503398048,0.0,-0.06869742571332153,4.293363176695333,5.737561868215792,-0.03152869128997553,-0.025917309480302006,0.0,465.53924165983796,466.3185639097275,466.5160011322247,466.6630473625696
3.780000000000003,-0.9940373693980074,5.881239766226068,23.093445209622956,0.17358590340882252,0.012868719332586487,0.0,-0.07205551842545146,4.351785706227692,5.562204561978807,-0.034772541371710354,-0.060051488060563055,0.0,386.27903517664316,383.04464746167395,386.1191754848134,385.81235865475145
3.840000000000003,-0.9985854109420482,6.145053552972191,23.427434021474586,0.18079174501859097,0.010546417800022745,0.0,-0.07932510416103314,4.442513039584322,5.570422714071978,-0.002558515654283019,-0.04879648185428612,0.0,445.79883470093375,446.7156009859043,445.005128366677,447.6347301398256
3.900000000000003,-1.0035117378609266,6.414056463029692,23.759973140706144,0.18202567084578636,0.009126125650855244,0.0,-0.08478633470412902,4.5242850974795115,5.514411594594256,-0.016717365601610804,-0.0635001365356478,0.0,426.04984417039043,424.78846825586066,426.97727202697206,425.76742435980043
3.960000000000003,-1.0087516148443947,6.68823298482135,24.09066737020525,0.18101366661153317,0.006249264379869501,0.0,-0.08963531380990901,4.6147063118266365,5.508730412868669,-0.017313562807748026,-0.07535035804723585,0.0,442.3272901123457,441.3466441711568,442.0942987729231,442.04524183998075
4.020000000000002,-1.0142535341595005,6.968433790762133,24.4245488048722,0.17997548996882173,0.00415172938467645,0.0,-0.09352191863183383,4.7249571640259145,5.620011891347273,-0.019745104430576636,-0.05945518369798468,0.0,477.70161147678846,478.9090160102806,478.2391323736624,478.053942762997
4.080000000000001,-1.0199381000963024,7.255147963558529,24.76474056109765,0.18226981911365137,0.0006272489514014268,0.0,-0.09559761446704336,4.832207784509096,5.7189982627029226,-0.041412862816442776,-0.05809027861280187,0.0,476.1236859383028,476.22594111037535,476.4831863960423,474.82332314504055
4.14,-1.0256770645941007,7.5477813667905735,25.108030256365083,0.18019505270389224,6.281075058652807,0.0,-0.09546815086221201,4.921901514635003,5.723970271953036,-0.049729365174891044,-0.06884004851919764,0.0,448.3496564695355,447.47251413577845,448.82930315398136,448.15258079865987
4.199999999999998,-1.0313609708852638,7.846332962198516,25.45496354641438,0.1778452414493783,6.280826550723063,0.0,-0.093994980589194,5.029284486544913,5.8398389326058044,-0.04212537846284326,-0.09165690509761597,0.0,482.92472461759854,481.1960600667797,482.1513554021774,482.7244705925887
4.259999999999997,-1.0369586259698462,8.150208241781824,25.80303793322492,0.17728315717773668,6.279033429890493,0.0,-0.09244068704510255,5.099769255963338,5.763049382066269,-0.027921251546625662,-0.07173407695769625,0.0,421.61186724321294,423.32377334190835,422.6723661105991,423.89431729500006
4.319999999999996,-1.0424326275726328,8.459015946487249,26.15060073840234,0.1779796331877712,6.281822049929488,0.0,-0.09026998553059488,5.1937040478601215,5.821941497603771,-0.04603444325922084,-0.043735804374080395,0.0,464.75824274422314,466.9453586207654,466.15095016110735,464.73260491351937
4.379999999999995,-1.0478256173410716,8.773181355188377,26.500263469406214,0.17658031994623435,6.282465850465165,0.0,-0.08953743289257765,5.278197178116897,5.833403682958748,-0.06007883427971149,-0.02509678376440115,0.0,450.7507742150518,452.25424786908957,452.4993388814094,451.36545557109866
4.439999999999993,-1.0531880284693205,9.092241278894837,26.849899155008135,0.1781829843433993,0.000268418216153421,0.0,-0.08928057952286965,5.357125493741538,5.821080541468893,-0.03625258421433963,-0.008956664195893506,0.0,442.9702703023015,444.29588380119554,444.11656490225823,446.0652199676256
4.499999999999992,-1.058553060655659,9.415770861512495,27.197351853197308,0.17635557193300144,0.0012520599273315725,0.0,-0.08964304772494516,5.426959049328798,5.761032762239767,-0.0440231444086316,-0.023720060153529378,0.0,429.1201903154698,427.8648877215472,429.39770971464407,428.7370256664452
4.559999999999991,-1.0639548875432843,9.744392355207061,27.546523206907636,0.17889268569633376,0.00016997171993082816,0.0,-0.0903114291952386,5.52707735217982,5.877180507281525,-0.0202661441164433,-0.031429706499970976,0.0,483.74156802748314,483.1604568024041,482.20574122269767,483.9969385423084
4.6199999999999894,-1.0693803499552212,10.078128819786457,27.897616325062522,0.1779551657592906,0.0010864789191380453,0.0,-0.09062650119501144,5.59729924869686,5.826200211344008,-0.027369962601152632,-0.051006931513979795,0.0,433.6576765387263,432.0088750373543,433.1504850175009,432.5524507847844
4.679999999999988,-1.074830283546391,10.417062735394767,28.251391564109042,0.17700095195004106,6.281275752042713,0.0,-0.0907171576714932,5.700079800729716,5.965471188465195,-0.01940499848226381,-0.055234849536163665,0.0,491.4237229510811,491.10866288486255,490.5506078349581,491.1418001949854
4.739999999999987,-1.0802316660199498,10.76157640094309,28.610517580230617,0.1763215414544419,6.2793913831556765,0.0,-0.08916694092406759,5.7834565057145975,6.005126239435,-0.028326926801198384,-0.06958842919662558,0.0,464.0038736439417,462.8729923542106,462.7786561715301,462.07566648663527
4.799999999999986,-1.0855132424625298,11.110368923746025,28.96820512893256,0.17543494329506792,6.275247430724754,0.0,-0.08657394310371509,5.842841158879669,5.918294872183628,-0.03947707933869744,-0.068507751446687,0.0,422.11811681980817,422.2074826130822,423.7472381251276,422.7869282774089
4.859999999999984,-1.090565200542913,11.46300620336406,29.322557793740355,0.17309130661778216,6.272839772054208,0.0,-0.08161078661175752,5.911397436726236,5.8936526116364165,-0.03857037540515985,-0.05536318019061498,0.0,441.96940095324385,443.04869046518917,441.63587812877523,441.7099031026063
4.919999999999983,-1.095264815412985,11.819978330134688,29.677128503956137,0.17079271013703234,6.271357382438861,0.0,-0.07492329281827016,5.987268254398352,5.925228634897217,-0.04159146240662577,-0.07146886847315112,0.0,460.34566977140037,459.06664734748347,459.37557122365035,459.13515373959626
4.979999999999982,-1.0995097331594967,12.181716002113015,30.035157834736758,0.17397315447164274,6.268533046442174,0.0,-0.06628837467237524,6.070739330702123,6.0084020893573875,-0.01666591986427618,-0.059361509905429,0.0,475.4258338577204,476.3497208171937,474.4667979006871,476.37663674743567
5.0399999999999805,-1.1032242842638376,12.54796268986326,30.395154007350975,0.17336483339106845,6.26499071736742,0.0,-0.057228044262437085,6.137292211991048,5.991550717693179,-0.010906339132705096,-0.05862169755452938,0.0,446.58227049924466,446.64020075088354,445.1379667720548,445.6092699209087
